0.000000000000000000e+00
0.000000000000000000e+00
0.000000000000000000e+00
0.000000000000000000e+00
0.000000000000000000e+00
0.000000000000000000e+00
0.000000000000000000e+00
0.000000000000000000e+00
0.000000000000000000e+00
0.000000000000000000e+00
0.000000000000000000e+00
0.000000000000000000e+00
0.000000000000000000e+00
0.000000000000000000e+00
0.000000000000000000e+00
0.000000000000000000e+00
0.000000000000000000e+00
1.133786848072562388e-03
2.544529262086514185e-03
7.751937984496123923e-03
9.986382206082614760e-03
1.129943502824858753e-02
8.225939128050452007e-03
1.156751652502360783e-02
1.250768915316793038e-02
1.889763779527559029e-02
1.901686401148187933e-02
1.593073593073593072e-02
2.203098106712564688e-02
2.035231742774072303e-02
2.450284090909090814e-02
2.788772939906440998e-02
2.881729037422453565e-02
3.312500000000000167e-02
4.470015490152688675e-02
4.268292682926829590e-02
4.246337223739756611e-02
5.016094420600858417e-02
5.232232792389479581e-02
6.169598319768967998e-02
5.281408375566817859e-02
5.567451820128479362e-02
5.367699219673681410e-02
4.700423643332660856e-02
3.879514272196814273e-02
3.161460293564170160e-02
2.879777325768119109e-02
2.775532201562921214e-02
2.573616483776742722e-02
2.068092290377039968e-02
1.849243769518094452e-02
1.938127002468616883e-02
1.805327048779403407e-02
1.687051876845212933e-02
1.648666183261458459e-02
1.618942338551510041e-02
1.471590134895762320e-02
1.622767181350287524e-02
1.477372262773722633e-02
1.461722685605747717e-02
1.445295923716332677e-02
1.391133281809878511e-02
1.382605386664411719e-02
1.296345365972972376e-02
1.304581810084064729e-02
1.264144119318671121e-02
1.295740458265676014e-02
1.224223875395827332e-02
1.223717877405718080e-02
1.186236443968402728e-02
1.149439617019685014e-02
1.279465228098979751e-02
1.255644415428975626e-02
1.254607908847184955e-02
1.224168585502346390e-02
1.277659730363423299e-02
1.341979396615158165e-02
1.286633929655914277e-02
1.323553925654275681e-02
1.370456818939646583e-02
1.448437982317975735e-02
1.538461538461538547e-02
1.599950865232545663e-02
1.752007508603608404e-02
1.728606522278064439e-02
1.918613985666953875e-02
2.140854889544088063e-02
2.394519540749957473e-02
2.731117906165389173e-02
3.086838534599728456e-02
3.498279754865068342e-02
3.997202025840905504e-02
4.387536657875487633e-02
5.071603714524206691e-02
5.566746017212964581e-02
6.148232611174458268e-02
6.972513122194892721e-02
7.895053023644055257e-02
8.417044919016791749e-02
9.067758615536360145e-02
1.022230869652540619e-01
1.074408545144557720e-01
1.120418283096590029e-01
1.229787208222851841e-01
1.254155848732980139e-01
1.362511005146567755e-01
1.436586638830897600e-01
1.502847239415696923e-01
1.540669688960459305e-01
1.723255275301551759e-01
1.721948779739238267e-01
1.859156580605456632e-01
2.013625866050808288e-01
2.198611378752576562e-01
2.264185580774365769e-01
2.397848711322204396e-01
2.486374836526102639e-01
2.698791836073727302e-01
2.709913844852129827e-01
2.835346327584350457e-01
3.037452973215789553e-01
2.910627805600287665e-01
2.941224238838521798e-01
2.905066865320148350e-01
2.873035949131318434e-01
3.003612775575884020e-01
2.930756741672797538e-01
3.034361174866114230e-01
3.076049444688460643e-01
3.233230496869345383e-01
3.464890470831479274e-01
3.337594421847762671e-01
3.442426377437995955e-01
3.559859719578600812e-01
3.491245844094690298e-01
3.699206178931560007e-01
3.546349466776045900e-01
3.651223200093048349e-01
3.800213323923556374e-01
3.711199876844297196e-01
3.747793570191655932e-01
3.875269805575844995e-01
3.888396176552267880e-01
4.026765088073924193e-01
3.982654185022026505e-01
4.175404086328798892e-01
4.487028971785646525e-01
4.451423506200138935e-01
4.615191922306150496e-01
5.062028679717109902e-01
5.053367720498034288e-01
5.379682948635371442e-01
5.362721413131718018e-01
5.588797191539707221e-01
5.878477306002928282e-01
6.045030169602086945e-01
6.037032039171839060e-01
6.358344621787698214e-01
6.467892239057752013e-01
6.584879091489297398e-01
6.767555751728776547e-01
6.934949113419368594e-01
6.960349210317956503e-01
7.197454990841002376e-01
7.347826551661482686e-01
7.542165232774060701e-01
7.701332163806808850e-01
7.877387021515596111e-01
7.998782065920682083e-01
8.226609611154279689e-01
8.284435767792316385e-01
8.479494781391555547e-01
8.607158028887000878e-01
8.800888547139988916e-01
8.862926218556353986e-01
8.971528623629719812e-01
9.085289960551019561e-01
9.124206204964827593e-01
9.205488770553660327e-01
9.273840290858118562e-01
9.319959451528571082e-01
9.374689387831733889e-01
9.457180589888591893e-01
9.455885415461507959e-01
9.508071565297248062e-01
9.560564922768030049e-01
9.566532616819103385e-01
9.639725328260566606e-01
9.641725594636789687e-01
9.665715638825037592e-01
9.710485581608667705e-01
9.740390558824202349e-01
9.752776740713086090e-01
9.792023348538992922e-01
9.801709876328972282e-01
9.807714344647400218e-01
9.829552904156286797e-01
9.842509948515029139e-01
9.860290681652068567e-01
9.873609109593894928e-01
9.878028947796390069e-01
9.882425817735724927e-01
9.893117110476365994e-01
9.888584349732766343e-01
9.891417034975719114e-01
9.900004593969649047e-01
9.901334211826716691e-01
9.903973347704668750e-01
9.898144298726331280e-01
9.905352739998409817e-01
9.906601979097651167e-01
9.899779095454016575e-01
9.900973440692224514e-01
9.897880041365046955e-01
9.898404861374857644e-01
9.901843578934121926e-01
9.898769085894935094e-01
9.900536785601515843e-01
9.896639779498196399e-01
9.902327704244636708e-01
9.902584604989019823e-01
9.911253879239940723e-01
9.915152244554098493e-01
9.909557919108602508e-01
9.927584423261657243e-01
9.946094106898126785e-01
9.914449562846667785e-01
9.944106687585800852e-01
9.936936936936936471e-01
9.940158709509561152e-01
9.955350913910980815e-01
9.962812112626173722e-01
9.955382041271612081e-01
9.972791963164503448e-01
9.949736114601658299e-01
9.966907340553550210e-01
9.955823293172690880e-01
9.970123772940674423e-01
9.956498096791734920e-01
9.923451635351426825e-01
9.971590909090909394e-01
9.908972691807542699e-01
9.884105960264900625e-01
9.844444444444444553e-01
9.939577039274924974e-01
9.722222222222222099e-01
9.740259740259740173e-01
9.677419354838709964e-01
9.718309859154929953e-01
9.649122807017543879e-01
8.222222222222221877e-01
8.571428571428570953e-01
9.285714285714286031e-01
6.999999999999999556e-01
6.250000000000000000e-01
7.500000000000000000e-01
