0.000000000000000000e+00
0.000000000000000000e+00
0.000000000000000000e+00
0.000000000000000000e+00
0.000000000000000000e+00
0.000000000000000000e+00
0.000000000000000000e+00
1.008412682806311587e-05
2.848765828927830195e-04
2.463047977754416386e-03
1.068413237433287269e-02
2.498090318481935648e-02
3.428351018370758008e-02
3.283139592046649402e-02
2.785992139423137601e-02
2.359181471425366231e-02
2.048086158779619317e-02
1.838840527097309469e-02
1.699679576870038317e-02
1.554468150545929538e-02
1.541862992010850468e-02
1.525224182744546603e-02
1.489929738846325694e-02
1.456400017143015709e-02
1.438500692023203520e-02
1.403458351295684345e-02
1.441021723730219299e-02
1.392365811784814812e-02
1.415811406660061680e-02
1.448836922021968371e-02
1.379256446908332795e-02
1.368416010568164996e-02
1.343962003010111886e-02
1.336651011059766109e-02
1.319003789110655654e-02
1.296062400576812081e-02
1.271608393018758970e-02
1.275894146920685847e-02
1.146817323521477985e-02
1.119590181085707535e-02
1.146817323521477985e-02
1.049757602801370572e-02
9.655551437870434420e-03
9.070672081842773987e-03
8.765627245293864875e-03
8.463103440451971368e-03
7.605952660066605565e-03
7.237882030842302840e-03
6.642918547986578250e-03
6.123586016341327903e-03
5.813499116378387579e-03
5.735347133460897730e-03
5.185762221331457512e-03
4.550462231163481495e-03
4.237854299493524698e-03
3.857178511734142643e-03
3.751295180039479829e-03
3.199189236203023572e-03
2.589099563105205348e-03
2.394980121664990261e-03
2.067245999752938962e-03
1.706738465649682403e-03
1.560518626642767295e-03
1.323541646183284091e-03
1.000849587685264438e-03
8.571507803853649354e-04
6.605103072381342429e-04
5.067273731101716670e-04
4.058861048295404439e-04
2.949607097208462015e-04
2.949607097208462015e-04
2.571452341156094589e-04
2.092456316823096971e-04
1.537829341279625217e-04
1.260515853507889611e-04
8.571507803853649083e-05
6.050476096837869861e-05
6.554682438241026248e-05
3.277341219120513124e-05
2.521031707015779222e-05
1.764722194911045320e-05
1.008412682806311587e-05
5.042063414031557935e-06
5.042063414031557935e-06
2.521031707015778968e-06
2.521031707015778968e-06
2.521031707015778968e-06
2.521031707015778968e-06
0.000000000000000000e+00
0.000000000000000000e+00
0.000000000000000000e+00
0.000000000000000000e+00
0.000000000000000000e+00
2.521031707015778968e-06
0.000000000000000000e+00
0.000000000000000000e+00
0.000000000000000000e+00
0.000000000000000000e+00
0.000000000000000000e+00
0.000000000000000000e+00
0.000000000000000000e+00
0.000000000000000000e+00
0.000000000000000000e+00
0.000000000000000000e+00
0.000000000000000000e+00
0.000000000000000000e+00
0.000000000000000000e+00
0.000000000000000000e+00
0.000000000000000000e+00
0.000000000000000000e+00
0.000000000000000000e+00
0.000000000000000000e+00
0.000000000000000000e+00
0.000000000000000000e+00
0.000000000000000000e+00
0.000000000000000000e+00
0.000000000000000000e+00
0.000000000000000000e+00
0.000000000000000000e+00
0.000000000000000000e+00
0.000000000000000000e+00
0.000000000000000000e+00
0.000000000000000000e+00
0.000000000000000000e+00
0.000000000000000000e+00
0.000000000000000000e+00
0.000000000000000000e+00
0.000000000000000000e+00
0.000000000000000000e+00
0.000000000000000000e+00
0.000000000000000000e+00
0.000000000000000000e+00
0.000000000000000000e+00
0.000000000000000000e+00
0.000000000000000000e+00
0.000000000000000000e+00
0.000000000000000000e+00
0.000000000000000000e+00
0.000000000000000000e+00
0.000000000000000000e+00
0.000000000000000000e+00
0.000000000000000000e+00
0.000000000000000000e+00
0.000000000000000000e+00
0.000000000000000000e+00
0.000000000000000000e+00
0.000000000000000000e+00
0.000000000000000000e+00
0.000000000000000000e+00
0.000000000000000000e+00
0.000000000000000000e+00
0.000000000000000000e+00
0.000000000000000000e+00
0.000000000000000000e+00
0.000000000000000000e+00
0.000000000000000000e+00
0.000000000000000000e+00
0.000000000000000000e+00
0.000000000000000000e+00
0.000000000000000000e+00
0.000000000000000000e+00
0.000000000000000000e+00
0.000000000000000000e+00
0.000000000000000000e+00
0.000000000000000000e+00
0.000000000000000000e+00
0.000000000000000000e+00
0.000000000000000000e+00
0.000000000000000000e+00
0.000000000000000000e+00
0.000000000000000000e+00
0.000000000000000000e+00
0.000000000000000000e+00
0.000000000000000000e+00
0.000000000000000000e+00
0.000000000000000000e+00
0.000000000000000000e+00
0.000000000000000000e+00
0.000000000000000000e+00
0.000000000000000000e+00
0.000000000000000000e+00
0.000000000000000000e+00
0.000000000000000000e+00
0.000000000000000000e+00
0.000000000000000000e+00
0.000000000000000000e+00
0.000000000000000000e+00
0.000000000000000000e+00
0.000000000000000000e+00
0.000000000000000000e+00
0.000000000000000000e+00
0.000000000000000000e+00
0.000000000000000000e+00
0.000000000000000000e+00
0.000000000000000000e+00
0.000000000000000000e+00
0.000000000000000000e+00
0.000000000000000000e+00
0.000000000000000000e+00
0.000000000000000000e+00
0.000000000000000000e+00
0.000000000000000000e+00
0.000000000000000000e+00
0.000000000000000000e+00
0.000000000000000000e+00
0.000000000000000000e+00
0.000000000000000000e+00
0.000000000000000000e+00
0.000000000000000000e+00
0.000000000000000000e+00
0.000000000000000000e+00
0.000000000000000000e+00
0.000000000000000000e+00
0.000000000000000000e+00
0.000000000000000000e+00
0.000000000000000000e+00
0.000000000000000000e+00
0.000000000000000000e+00
0.000000000000000000e+00
0.000000000000000000e+00
0.000000000000000000e+00
0.000000000000000000e+00
0.000000000000000000e+00
0.000000000000000000e+00
0.000000000000000000e+00
0.000000000000000000e+00
0.000000000000000000e+00
0.000000000000000000e+00
0.000000000000000000e+00
0.000000000000000000e+00
0.000000000000000000e+00
0.000000000000000000e+00
0.000000000000000000e+00
0.000000000000000000e+00
0.000000000000000000e+00
0.000000000000000000e+00
0.000000000000000000e+00
0.000000000000000000e+00
0.000000000000000000e+00
0.000000000000000000e+00
0.000000000000000000e+00
0.000000000000000000e+00
0.000000000000000000e+00
0.000000000000000000e+00
0.000000000000000000e+00
0.000000000000000000e+00
0.000000000000000000e+00
0.000000000000000000e+00
0.000000000000000000e+00
0.000000000000000000e+00
0.000000000000000000e+00
0.000000000000000000e+00
0.000000000000000000e+00
0.000000000000000000e+00
0.000000000000000000e+00
0.000000000000000000e+00
