0.000000000000000000e+00
0.000000000000000000e+00
0.000000000000000000e+00
0.000000000000000000e+00
0.000000000000000000e+00
0.000000000000000000e+00
0.000000000000000000e+00
0.000000000000000000e+00
0.000000000000000000e+00
0.000000000000000000e+00
0.000000000000000000e+00
0.000000000000000000e+00
0.000000000000000000e+00
0.000000000000000000e+00
0.000000000000000000e+00
0.000000000000000000e+00
0.000000000000000000e+00
0.000000000000000000e+00
0.000000000000000000e+00
0.000000000000000000e+00
4.539264639128461304e-04
6.646726487205050979e-04
0.000000000000000000e+00
4.721435316336166418e-04
4.100881689563256227e-04
1.377952755905511792e-03
5.382131324004305224e-04
1.731601731601731600e-04
1.721170395869191109e-03
2.394390285616555293e-03
3.906250000000000000e-03
4.138179201151493541e-03
4.002401440864518552e-03
6.458333333333333287e-03
6.638636866563399005e-03
9.268292682926828827e-03
1.787931462627265905e-02
2.440987124463519370e-02
3.693340794627868184e-02
5.775794171698608870e-02
9.175780208055481224e-02
1.415952890792291086e-01
1.818396784109718722e-01
3.405285454912245213e-01
4.813120958839299801e-01
5.897628904779826930e-01
6.410448560111337013e-01
6.926255277104105268e-01
7.361648377674271382e-01
7.795441755768148795e-01
8.010532116833016802e-01
8.229949051946006122e-01
8.566410245008670987e-01
8.609025727541121942e-01
8.763881998244476002e-01
8.861034839353849613e-01
8.875528001090067232e-01
8.992733878292461513e-01
9.040875912408758985e-01
9.102871142676246530e-01
9.163026384763236498e-01
9.243776200847795277e-01
9.298126929093907256e-01
9.343878029391980977e-01
9.413958839794384081e-01
9.444052150250590305e-01
9.474323016615000537e-01
9.533037378221541625e-01
9.544026031816664757e-01
9.566340875619225859e-01
9.591836734693877098e-01
9.603025683124193357e-01
9.627114955660737161e-01
9.647076072386059353e-01
9.654609577661837916e-01
9.668174824150058688e-01
9.674116997792494566e-01
9.691919279554406241e-01
9.693698949824970379e-01
9.700400133377792278e-01
9.699864654155750943e-01
9.701942501942502073e-01
9.695594761005420503e-01
9.687216006435945825e-01
9.691164649583436930e-01
9.680936464612555081e-01
9.657884417074552585e-01
9.634141168485945705e-01
9.611043010897530880e-01
9.584676051560380161e-01
9.547629287173422519e-01
9.503157809778112197e-01
9.466959258588176773e-01
9.401476419031719045e-01
9.355239977520852790e-01
9.303665092034533179e-01
9.225346755584856728e-01
9.135433200326299463e-01
9.084629312696876902e-01
9.022147831544967689e-01
8.911176943161277508e-01
8.861008862033026290e-01
8.819081767869669797e-01
8.712813013852398480e-01
8.685283302592780030e-01
8.579700896365495266e-01
8.512822641867526796e-01
8.444923896768412597e-01
8.408336396468933938e-01
8.227451166713188879e-01
8.229740943243949447e-01
8.098584532426809091e-01
7.943129330254041776e-01
7.759928525130074251e-01
7.693480195816644329e-01
7.563793625293939726e-01
7.475401738857113676e-01
7.271828208227544277e-01
7.257499271082856751e-01
7.131100619484574965e-01
6.931719916895952016e-01
7.061235083497023890e-01
7.028265497299899245e-01
7.067297872084780108e-01
7.098270187957387289e-01
6.968211331717915069e-01
7.043113726882975767e-01
6.942687023916441769e-01
6.901738093744117508e-01
6.745746605745824853e-01
6.514237483315449273e-01
6.642307823768670572e-01
6.538401609636138589e-01
6.421175929218347900e-01
6.490917652430758800e-01
6.284488307230208237e-01
6.437243642329778526e-01
6.332415771721009445e-01
6.185752207421426618e-01
6.275350224029946355e-01
6.239490701623765512e-01
6.112255533578996314e-01
6.096643285226692743e-01
5.959338001732601420e-01
6.005598384728341177e-01
5.812719208714531849e-01
5.502556334027646212e-01
5.539235776852178272e-01
5.376425928780638186e-01
4.930938147149611095e-01
4.939870758352893354e-01
4.613010834350755873e-01
4.631703524026564711e-01
4.406159993017640386e-01
4.115743238036526086e-01
3.950892857142856984e-01
3.957955816015730210e-01
3.639103205921039863e-01
3.528550958812231575e-01
3.412081733545400120e-01
3.228660907581394346e-01
3.062322946175637384e-01
3.036942117764720450e-01
2.800268808463131087e-01
2.649928923376193013e-01
2.455087846524046657e-01
2.297242475741461676e-01
2.121208848181111162e-01
2.000021748822845002e-01
1.772514856686329687e-01
1.714357787599943006e-01
1.519182656806233600e-01
1.392204757858963582e-01
1.198470673672519110e-01
1.136968574765126055e-01
1.028253871585174811e-01
9.146045608927705350e-02
8.756868866129273454e-02
7.944049403186548286e-02
7.260501993078978533e-02
6.798271354639065511e-02
6.253106121682662499e-02
5.428194101114083847e-02
5.439988893259596614e-02
4.919284347027517296e-02
4.394350772319696730e-02
4.334673831808961292e-02
3.602746717394330472e-02
3.582744053632105907e-02
3.342843611749621996e-02
2.895144183913317751e-02
2.596094411757972689e-02
2.472232592869143264e-02
2.079766514610072517e-02
1.982901236710281345e-02
1.922856553526000947e-02
1.704470958437131339e-02
1.574900514849704447e-02
1.397093183479313112e-02
1.263908904061045689e-02
1.219710522036103473e-02
1.175741822642746917e-02
1.068828895236340233e-02
1.114156502672331017e-02
1.085829650242811119e-02
9.999540603035083144e-03
9.866578817328282291e-03
9.602665229533095467e-03
1.018557012736687022e-02
9.464726000159070368e-03
9.339802090234885015e-03
1.002209045459830257e-02
9.902655930777550311e-03
1.021199586349534616e-02
1.015951386251424254e-02
9.815642106587805713e-03
1.012309141050649064e-02
9.946321439848436474e-03
1.033602205018037401e-02
9.767229575536284097e-03
9.741539501098035042e-03
8.874612076005880881e-03
8.484775544590202750e-03
9.044208089139714468e-03
7.241557673834331244e-03
5.390589310187299775e-03
8.555043715333270071e-03
5.589331241419886152e-03
6.306306306306306078e-03
5.984129049043840527e-03
4.464908608901911602e-03
3.718788737382681172e-03
4.461795872838817886e-03
2.720803683549602274e-03
5.026388539834129345e-03
3.309265944645005918e-03
4.417670682730923289e-03
2.987622705932565115e-03
4.350190320826535784e-03
7.654836464857341788e-03
2.840909090909090988e-03
9.102730819245773500e-03
1.158940397350993398e-02
1.555555555555555511e-02
6.042296072507552865e-03
2.777777777777777624e-02
2.597402597402597574e-02
3.225806451612903136e-02
2.816901408450704289e-02
3.508771929824561209e-02
1.777777777777777846e-01
1.428571428571428492e-01
7.142857142857142461e-02
2.999999999999999889e-01
3.750000000000000000e-01
2.500000000000000000e-01
